/home/huiwei/anaconda3/envs/growsp/bin/python /home/huiwei/Desktop/Code/ALS2MLS/Tools/datasetProcessing.py 
文件名：5095_54440.ply
总点数：11703345
高：500.04 宽：500.03
分割高：50.00 分割宽：50.00
纵向重叠：0% 横向重叠：0%
分割为 11✖11 块(包含空白)

初步分块的点数分布
140876,103600, 95692, 93672, 96189, 94565, 82031, 90836, 97295, 89806,    23,
222378,128829,101308,101913,128660, 88098, 89046, 99454,144854,128142,    29,
221013,171058,124144,127338,113836, 93852, 94294,102505,112017, 99950,    32,
105101,126909,112122,105798,102896, 92578, 94075,103925,123022,100481,    31,
105210,110494,119049,103696,100030, 94348, 94796,102946,116962,101480,    24,
104530,115202,113312,103859,104308, 93315, 92956,101399,105832,114642,    45,
114057,102122,140683,249945,206806,195881,211747,251852,138844,104168,    32,
 95053, 93128, 95896, 94489, 90972, 83933,117402,176743,145801,101475,    19,
 91247, 91575, 98144, 91968, 91550, 87812, 92823,134824,155695, 93635,    25,
115119,141610,122540, 99280, 98407, 91910, 96037,156884,197429,103543,    33,
    66,    56,    72,   147,    45,    57,    65,   106,   185,    87,      ,

开始(向左/上)合并不足50✖50的块
合并后分块的点数分布:
140876,103600, 95692, 93672, 96189, 94565, 82031, 90836, 97295, 89829,      ,
222378,128829,101308,101913,128660, 88098, 89046, 99454,144854,128171,      ,
221013,171058,124144,127338,113836, 93852, 94294,102505,112017, 99982,      ,
105101,126909,112122,105798,102896, 92578, 94075,103925,123022,100512,      ,
105210,110494,119049,103696,100030, 94348, 94796,102946,116962,101504,      ,
104530,115202,113312,103859,104308, 93315, 92956,101399,105832,114687,      ,
114057,102122,140683,249945,206806,195881,211747,251852,138844,104200,      ,
 95053, 93128, 95896, 94489, 90972, 83933,117402,176743,145801,101494,      ,
 91247, 91575, 98144, 91968, 91550, 87812, 92823,134824,155695, 93660,      ,
115185,141666,122612, 99427, 98452, 91967, 96102,156990,197614,103663,      ,
      ,      ,      ,      ,      ,      ,      ,      ,      ,      ,      ,

开始合并点数小于10000的分块:
合并后分块的点数分布:
140876,103600, 95692, 93672, 96189, 94565, 82031, 90836, 97295, 89829,      ,
222378,128829,101308,101913,128660, 88098, 89046, 99454,144854,128171,      ,
221013,171058,124144,127338,113836, 93852, 94294,102505,112017, 99982,      ,
105101,126909,112122,105798,102896, 92578, 94075,103925,123022,100512,      ,
105210,110494,119049,103696,100030, 94348, 94796,102946,116962,101504,      ,
104530,115202,113312,103859,104308, 93315, 92956,101399,105832,114687,      ,
114057,102122,140683,249945,206806,195881,211747,251852,138844,104200,      ,
 95053, 93128, 95896, 94489, 90972, 83933,117402,176743,145801,101494,      ,
 91247, 91575, 98144, 91968, 91550, 87812, 92823,134824,155695, 93660,      ,
115185,141666,122612, 99427, 98452, 91967, 96102,156990,197614,103663,      ,
      ,      ,      ,      ,      ,      ,      ,      ,      ,      ,      ,
================================================================================

文件名：5105_54460.ply
总点数：12954374
高：500.02 宽：500.04
分割高：50.00 分割宽：50.00
纵向重叠：0% 横向重叠：0%
分割为 11✖11 块(包含空白)

初步分块的点数分布
161332,142743,145832,153796,172571,131153,134404,104542,111325, 98121,    49,
165832,147442,162760,139729,165535,129792,146127,105720, 93011, 98432,    45,
121185,148835,188756,181936,167384,144301,158822,137197,101003,141238,    48,
111725,137455,192920,145127,135733,131671,108567,106541, 98679,116705,    43,
 90059,110928,136441,111925,103636,131676,128914,137228,124618,110314,    45,
115921,119088,130852,107500, 97494, 99809,101997,119888, 99366, 97405,    43,
114963,115459,112731,107862,150170,125462,102165,141709,103579,101617,    61,
120781,146745,140857,160456,173085,150894,127450,110236,100192,108095,    63,
132952,127081,145632,137697,163711,163012,122635,146114,148948,121753,    62,
113204,112719,131840,134536,131825,147155,144475,113487,115448,127232,    57,
    38,    52,    17,    26,    49,    33,    51,    18,    32,    24,      ,

开始(向左/上)合并不足50✖50的块
合并后分块的点数分布:
161332,142743,145832,153796,172571,131153,134404,104542,111325, 98170,      ,
165832,147442,162760,139729,165535,129792,146127,105720, 93011, 98477,      ,
121185,148835,188756,181936,167384,144301,158822,137197,101003,141286,      ,
111725,137455,192920,145127,135733,131671,108567,106541, 98679,116748,      ,
 90059,110928,136441,111925,103636,131676,128914,137228,124618,110359,      ,
115921,119088,130852,107500, 97494, 99809,101997,119888, 99366, 97448,      ,
114963,115459,112731,107862,150170,125462,102165,141709,103579,101678,      ,
120781,146745,140857,160456,173085,150894,127450,110236,100192,108158,      ,
132952,127081,145632,137697,163711,163012,122635,146114,148948,121815,      ,
113242,112771,131857,134562,131874,147188,144526,113505,115480,127313,      ,
      ,      ,      ,      ,      ,      ,      ,      ,      ,      ,      ,

开始合并点数小于10000的分块:
合并后分块的点数分布:
161332,142743,145832,153796,172571,131153,134404,104542,111325, 98170,      ,
165832,147442,162760,139729,165535,129792,146127,105720, 93011, 98477,      ,
121185,148835,188756,181936,167384,144301,158822,137197,101003,141286,      ,
111725,137455,192920,145127,135733,131671,108567,106541, 98679,116748,      ,
 90059,110928,136441,111925,103636,131676,128914,137228,124618,110359,      ,
115921,119088,130852,107500, 97494, 99809,101997,119888, 99366, 97448,      ,
114963,115459,112731,107862,150170,125462,102165,141709,103579,101678,      ,
120781,146745,140857,160456,173085,150894,127450,110236,100192,108158,      ,
132952,127081,145632,137697,163711,163012,122635,146114,148948,121815,      ,
113242,112771,131857,134562,131874,147188,144526,113505,115480,127313,      ,
      ,      ,      ,      ,      ,      ,      ,      ,      ,      ,      ,
================================================================================

文件名：5095_54455.ply
总点数：13561343
高：500.03 宽：500.05
分割高：50.00 分割宽：50.00
纵向重叠：0% 横向重叠：0%
分割为 11✖11 块(包含空白)

初步分块的点数分布
 92848, 93175,106336,132034,107179, 99196,112486,122619,113937,138176,    68,
158751,138117,102700,100342,109870,121298,110210,123826,151389,146275,    67,
171606,188296,145295,100823,110111,198642,163089,190536,178437,166307,   110,
190823,131934,138345,111615,154424,129778,192043,154496,194952,122909,   115,
153622,148623,172768,148244,138923,141808,148324,140950,211867,140153,    75,
129386,155107,145597,120104,131879,139791,134544,119467,160350,124581,    79,
104364,139921,120390,127540,130504,138988,160915,168668,159071,141768,   108,
174059,146885,109826, 96938,100482, 98289,136640,145648,157050,150072,   147,
131373,106048,121702,136442, 95948, 83434, 99364,107047,129083,154885,   149,
114673,170884,151039,118987,105784, 95326,109731,123499,133852,146810,   128,
    35,    44,    60,    67,    41,    23,    35,    48,    54,    52,      ,

开始(向左/上)合并不足50✖50的块
合并后分块的点数分布:
 92848, 93175,106336,132034,107179, 99196,112486,122619,113937,138244,      ,
158751,138117,102700,100342,109870,121298,110210,123826,151389,146342,      ,
171606,188296,145295,100823,110111,198642,163089,190536,178437,166417,      ,
190823,131934,138345,111615,154424,129778,192043,154496,194952,123024,      ,
153622,148623,172768,148244,138923,141808,148324,140950,211867,140228,      ,
129386,155107,145597,120104,131879,139791,134544,119467,160350,124660,      ,
104364,139921,120390,127540,130504,138988,160915,168668,159071,141876,      ,
174059,146885,109826, 96938,100482, 98289,136640,145648,157050,150219,      ,
131373,106048,121702,136442, 95948, 83434, 99364,107047,129083,155034,      ,
114708,170928,151099,119054,105825, 95349,109766,123547,133906,146990,      ,
      ,      ,      ,      ,      ,      ,      ,      ,      ,      ,      ,

开始合并点数小于10000的分块:
合并后分块的点数分布:
 92848, 93175,106336,132034,107179, 99196,112486,122619,113937,138244,      ,
158751,138117,102700,100342,109870,121298,110210,123826,151389,146342,      ,
171606,188296,145295,100823,110111,198642,163089,190536,178437,166417,      ,
190823,131934,138345,111615,154424,129778,192043,154496,194952,123024,      ,
153622,148623,172768,148244,138923,141808,148324,140950,211867,140228,      ,
129386,155107,145597,120104,131879,139791,134544,119467,160350,124660,      ,
104364,139921,120390,127540,130504,138988,160915,168668,159071,141876,      ,
174059,146885,109826, 96938,100482, 98289,136640,145648,157050,150219,      ,
131373,106048,121702,136442, 95948, 83434, 99364,107047,129083,155034,      ,
114708,170928,151099,119054,105825, 95349,109766,123547,133906,146990,      ,
      ,      ,      ,      ,      ,      ,      ,      ,      ,      ,      ,
================================================================================

文件名：5105_54405.ply
总点数：11915905
高：500.03 宽：500.04
分割高：50.00 分割宽：50.00
纵向重叠：0% 横向重叠：0%
分割为 11✖11 块(包含空白)

初步分块的点数分布
 93212, 94987,101042,102181,101416,160443,159713,152358,104725,109081,    73,
 83162, 85143, 96097, 93907, 95056,117550,120598, 96471,102280,105049,    60,
 82595, 83604, 97411,114217,109301,131406,113004, 94325, 91116, 97366,    55,
 92626, 92752,105987,119170,115506,162387,144680,102053,102117,128270,    92,
100132,132462,110971,137904,118529,112358,110469,104739,112285,107886,    46,
133777,128204,133860,166513,130972,136263,112464,120428,132270,127852,    47,
125843,122235,136458,150296,142075,145503,120546,103929,102418,133536,    70,
116611,130103,158383,221596,168627,153311,154109,115802,108547,129155,   104,
109815, 93893,134599,177041,133731,144566,146817,122009,103257,115498,    59,
105236,104318,111590,114847,124119,104993,131494,100421, 85839, 90328,    57,
    28,    34,    39,    36,    32,    41,    61,    43,    27,    42,      ,

开始(向左/上)合并不足50✖50的块
合并后分块的点数分布:
 93212, 94987,101042,102181,101416,160443,159713,152358,104725,109154,      ,
 83162, 85143, 96097, 93907, 95056,117550,120598, 96471,102280,105109,      ,
 82595, 83604, 97411,114217,109301,131406,113004, 94325, 91116, 97421,      ,
 92626, 92752,105987,119170,115506,162387,144680,102053,102117,128362,      ,
100132,132462,110971,137904,118529,112358,110469,104739,112285,107932,      ,
133777,128204,133860,166513,130972,136263,112464,120428,132270,127899,      ,
125843,122235,136458,150296,142075,145503,120546,103929,102418,133606,      ,
116611,130103,158383,221596,168627,153311,154109,115802,108547,129259,      ,
109815, 93893,134599,177041,133731,144566,146817,122009,103257,115557,      ,
105264,104352,111629,114883,124151,105034,131555,100464, 85866, 90427,      ,
      ,      ,      ,      ,      ,      ,      ,      ,      ,      ,      ,

开始合并点数小于10000的分块:
合并后分块的点数分布:
 93212, 94987,101042,102181,101416,160443,159713,152358,104725,109154,      ,
 83162, 85143, 96097, 93907, 95056,117550,120598, 96471,102280,105109,      ,
 82595, 83604, 97411,114217,109301,131406,113004, 94325, 91116, 97421,      ,
 92626, 92752,105987,119170,115506,162387,144680,102053,102117,128362,      ,
100132,132462,110971,137904,118529,112358,110469,104739,112285,107932,      ,
133777,128204,133860,166513,130972,136263,112464,120428,132270,127899,      ,
125843,122235,136458,150296,142075,145503,120546,103929,102418,133606,      ,
116611,130103,158383,221596,168627,153311,154109,115802,108547,129259,      ,
109815, 93893,134599,177041,133731,144566,146817,122009,103257,115557,      ,
105264,104352,111629,114883,124151,105034,131555,100464, 85866, 90427,      ,
      ,      ,      ,      ,      ,      ,      ,      ,      ,      ,      ,
================================================================================

文件名：5160_54330.ply
总点数：12010545
高：500.05 宽：500.03
分割高：50.00 分割宽：50.00
纵向重叠：0% 横向重叠：0%
分割为 11✖11 块(包含空白)

初步分块的点数分布
112452,101412,117388,108628, 84831, 93313, 95671, 97586,176934,162493,    42,
 96152,106034,114626,100916, 91572,114135,112936, 96663,141461,106903,    36,
102233,102409,119556, 98227, 95668,102869,103131,110227,108106, 96876,    41,
121129,121769,113433,108526,104363,108128,109174,108211,111604,115334,    36,
206137,107932,119734,119947,112286,113071,113515,118515,111942,113920,    37,
251676,130807,143349,128611,126698,162143,106838,105577,107594,110828,    54,
190335,172779,173567, 99332, 93630,161569,108495,111215,109811,111519,    57,
102834,186968,179061,111569,109834,114148,107761,110544,109738,108318,    48,
 93479,216132,170173,101420, 85699,101169, 99206,100613, 96511, 95364,    37,
 96968,265223,180085, 95667, 92982,114238,112164,108677,111658, 99402,    70,
    44,   175,   118,    66,    78,    66,    67,    57,    76,    70,      ,

开始(向左/上)合并不足50✖50的块
合并后分块的点数分布:
112452,101412,117388,108628, 84831, 93313, 95671, 97586,176934,162535,      ,
 96152,106034,114626,100916, 91572,114135,112936, 96663,141461,106939,      ,
102233,102409,119556, 98227, 95668,102869,103131,110227,108106, 96917,      ,
121129,121769,113433,108526,104363,108128,109174,108211,111604,115370,      ,
206137,107932,119734,119947,112286,113071,113515,118515,111942,113957,      ,
251676,130807,143349,128611,126698,162143,106838,105577,107594,110882,      ,
190335,172779,173567, 99332, 93630,161569,108495,111215,109811,111576,      ,
102834,186968,179061,111569,109834,114148,107761,110544,109738,108366,      ,
 93479,216132,170173,101420, 85699,101169, 99206,100613, 96511, 95401,      ,
 97012,265398,180203, 95733, 93060,114304,112231,108734,111734, 99542,      ,
      ,      ,      ,      ,      ,      ,      ,      ,      ,      ,      ,

开始合并点数小于10000的分块:
合并后分块的点数分布:
112452,101412,117388,108628, 84831, 93313, 95671, 97586,176934,162535,      ,
 96152,106034,114626,100916, 91572,114135,112936, 96663,141461,106939,      ,
102233,102409,119556, 98227, 95668,102869,103131,110227,108106, 96917,      ,
121129,121769,113433,108526,104363,108128,109174,108211,111604,115370,      ,
206137,107932,119734,119947,112286,113071,113515,118515,111942,113957,      ,
251676,130807,143349,128611,126698,162143,106838,105577,107594,110882,      ,
190335,172779,173567, 99332, 93630,161569,108495,111215,109811,111576,      ,
102834,186968,179061,111569,109834,114148,107761,110544,109738,108366,      ,
 93479,216132,170173,101420, 85699,101169, 99206,100613, 96511, 95401,      ,
 97012,265398,180203, 95733, 93060,114304,112231,108734,111734, 99542,      ,
      ,      ,      ,      ,      ,      ,      ,      ,      ,      ,      ,
================================================================================

文件名：5080_54435.ply
总点数：11345691
高：500.04 宽：500.05
分割高：50.00 分割宽：50.00
纵向重叠：0% 横向重叠：0%
分割为 11✖11 块(包含空白)

初步分块的点数分布
 97598,127984,107560,105396,101874,104824,110532,127041,143005,121933,    69,
 98200,108427,104117,114026,114880,120642,119961,125211,103737,104088,    66,
 87274, 95943, 97150,114860,116621,150276,122352,136384,112485,109085,    83,
 93528, 98646,107388,123175,114410,119081,122837,114449,123030,100462,    52,
 94953, 89808, 98211,126817,125292,121633,127297,114562,126610,125121,    61,
 95152, 92583,109155,116684,141842,120058,134400,173167,149792,122398,    55,
 97939, 94839, 99511,110203,108390,106575,108365,121149,125919,120102,    74,
101848, 93361, 98113,118276,106961,117425,108505,119751,132364,111788,    62,
 93550,105567, 96404,114634,106998,104193,103862,131921,128126,112709,    80,
 87181,103641,101226,102315,106595,102949,102449,133474,175301,107447,    75,
    42,    53,    58,    53,    46,    68,    52,    55,   120,    51,      ,

开始(向左/上)合并不足50✖50的块
合并后分块的点数分布:
 97598,127984,107560,105396,101874,104824,110532,127041,143005,122002,      ,
 98200,108427,104117,114026,114880,120642,119961,125211,103737,104154,      ,
 87274, 95943, 97150,114860,116621,150276,122352,136384,112485,109168,      ,
 93528, 98646,107388,123175,114410,119081,122837,114449,123030,100514,      ,
 94953, 89808, 98211,126817,125292,121633,127297,114562,126610,125182,      ,
 95152, 92583,109155,116684,141842,120058,134400,173167,149792,122453,      ,
 97939, 94839, 99511,110203,108390,106575,108365,121149,125919,120176,      ,
101848, 93361, 98113,118276,106961,117425,108505,119751,132364,111850,      ,
 93550,105567, 96404,114634,106998,104193,103862,131921,128126,112789,      ,
 87223,103694,101284,102368,106641,103017,102501,133529,175421,107573,      ,
      ,      ,      ,      ,      ,      ,      ,      ,      ,      ,      ,

开始合并点数小于10000的分块:
合并后分块的点数分布:
 97598,127984,107560,105396,101874,104824,110532,127041,143005,122002,      ,
 98200,108427,104117,114026,114880,120642,119961,125211,103737,104154,      ,
 87274, 95943, 97150,114860,116621,150276,122352,136384,112485,109168,      ,
 93528, 98646,107388,123175,114410,119081,122837,114449,123030,100514,      ,
 94953, 89808, 98211,126817,125292,121633,127297,114562,126610,125182,      ,
 95152, 92583,109155,116684,141842,120058,134400,173167,149792,122453,      ,
 97939, 94839, 99511,110203,108390,106575,108365,121149,125919,120176,      ,
101848, 93361, 98113,118276,106961,117425,108505,119751,132364,111850,      ,
 93550,105567, 96404,114634,106998,104193,103862,131921,128126,112789,      ,
 87223,103694,101284,102368,106641,103017,102501,133529,175421,107573,      ,
      ,      ,      ,      ,      ,      ,      ,      ,      ,      ,      ,
================================================================================

文件名：5115_54480.ply
总点数：13669819
高：500.04 宽：500.03
分割高：50.00 分割宽：50.00
纵向重叠：0% 横向重叠：0%
分割为 11✖11 块(包含空白)

初步分块的点数分布
196172,123242,154558,133394,110031,213085,128443,148946,203242,106423,    29,
166869,132303,120358,144470,108898,261999,178798,140747,150096,107568,    21,
169144,145205,109521,128812,116654,148338,135415,133088,127333,104113,    19,
107291,107354, 89627,107628,130867,121676,105556,127020,128408,105343,    24,
104574,129155,150035,144087,161146,106679,107258,134611,133327,119318,    27,
117289,131055,160444,150862,157646,120004,113691,128122,138415,118884,    33,
140366,117050,139540,133457,130059,139675,134288,116886,117342,127073,    57,
136435,191511,163942,120214,157632,158186,160495,129562,134556,121663,    64,
105268,172465,160918,127278,179588,123316,129204,123241,134180,119703,    46,
104921,205408,133290,129847,207785,125250,131627,132873,127099,124955,    49,
    92,    69,    56,    52,    82,    41,    29,    44,    46,    45,      ,

开始(向左/上)合并不足50✖50的块
合并后分块的点数分布:
196172,123242,154558,133394,110031,213085,128443,148946,203242,106452,      ,
166869,132303,120358,144470,108898,261999,178798,140747,150096,107589,      ,
169144,145205,109521,128812,116654,148338,135415,133088,127333,104132,      ,
107291,107354, 89627,107628,130867,121676,105556,127020,128408,105367,      ,
104574,129155,150035,144087,161146,106679,107258,134611,133327,119345,      ,
117289,131055,160444,150862,157646,120004,113691,128122,138415,118917,      ,
140366,117050,139540,133457,130059,139675,134288,116886,117342,127130,      ,
136435,191511,163942,120214,157632,158186,160495,129562,134556,121727,      ,
105268,172465,160918,127278,179588,123316,129204,123241,134180,119749,      ,
105013,205477,133346,129899,207867,125291,131656,132917,127145,125049,      ,
      ,      ,      ,      ,      ,      ,      ,      ,      ,      ,      ,

开始合并点数小于10000的分块:
合并后分块的点数分布:
196172,123242,154558,133394,110031,213085,128443,148946,203242,106452,      ,
166869,132303,120358,144470,108898,261999,178798,140747,150096,107589,      ,
169144,145205,109521,128812,116654,148338,135415,133088,127333,104132,      ,
107291,107354, 89627,107628,130867,121676,105556,127020,128408,105367,      ,
104574,129155,150035,144087,161146,106679,107258,134611,133327,119345,      ,
117289,131055,160444,150862,157646,120004,113691,128122,138415,118917,      ,
140366,117050,139540,133457,130059,139675,134288,116886,117342,127130,      ,
136435,191511,163942,120214,157632,158186,160495,129562,134556,121727,      ,
105268,172465,160918,127278,179588,123316,129204,123241,134180,119749,      ,
105013,205477,133346,129899,207867,125291,131656,132917,127145,125049,      ,
      ,      ,      ,      ,      ,      ,      ,      ,      ,      ,      ,
================================================================================

文件名：5085_54320.ply
总点数：14394749
高：500.04 宽：500.04
分割高：50.00 分割宽：50.00
纵向重叠：0% 横向重叠：0%
分割为 11✖11 块(包含空白)

初步分块的点数分布
 74082,125471,211386,113588,115169,120666,127418,112686,135515,137769,    89,
 92312,195955,153129,121925,144608,135057,125827,120414,205522,139471,    71,
126870,240319,144700,152387,160762,173719,163633,128968,195563,150658,    70,
219087,139552,125535,113761,133660,154995,131194,124746,132753,126062,   106,
223699,119076,123593,110427,162033,156151,150965,121000,121740,105612,    49,
168096,109642,110530,132130,143531,154888,185745,131852,130684,112402,    72,
148490,109646,116388,141096,140393,152580,149662,114098,133875,150365,    86,
166015,168672,171613,135119,114647,148383,175892,142534,159133,140672,    59,
150353,147719,144047,145373,117241,182122,168593,126095,163261,164427,    53,
158979,181987,158659,152061,113149,142711,151417,134266,145472,148203,    63,
   137,    85,    50,    94,    45,    79,    61,    97,    60,   166,      ,

开始(向左/上)合并不足50✖50的块
合并后分块的点数分布:
 74082,125471,211386,113588,115169,120666,127418,112686,135515,137858,      ,
 92312,195955,153129,121925,144608,135057,125827,120414,205522,139542,      ,
126870,240319,144700,152387,160762,173719,163633,128968,195563,150728,      ,
219087,139552,125535,113761,133660,154995,131194,124746,132753,126168,      ,
223699,119076,123593,110427,162033,156151,150965,121000,121740,105661,      ,
168096,109642,110530,132130,143531,154888,185745,131852,130684,112474,      ,
148490,109646,116388,141096,140393,152580,149662,114098,133875,150451,      ,
166015,168672,171613,135119,114647,148383,175892,142534,159133,140731,      ,
150353,147719,144047,145373,117241,182122,168593,126095,163261,164480,      ,
159116,182072,158709,152155,113194,142790,151478,134363,145532,148432,      ,
      ,      ,      ,      ,      ,      ,      ,      ,      ,      ,      ,

开始合并点数小于10000的分块:
合并后分块的点数分布:
 74082,125471,211386,113588,115169,120666,127418,112686,135515,137858,      ,
 92312,195955,153129,121925,144608,135057,125827,120414,205522,139542,      ,
126870,240319,144700,152387,160762,173719,163633,128968,195563,150728,      ,
219087,139552,125535,113761,133660,154995,131194,124746,132753,126168,      ,
223699,119076,123593,110427,162033,156151,150965,121000,121740,105661,      ,
168096,109642,110530,132130,143531,154888,185745,131852,130684,112474,      ,
148490,109646,116388,141096,140393,152580,149662,114098,133875,150451,      ,
166015,168672,171613,135119,114647,148383,175892,142534,159133,140731,      ,
150353,147719,144047,145373,117241,182122,168593,126095,163261,164480,      ,
159116,182072,158709,152155,113194,142790,151478,134363,145532,148432,      ,
      ,      ,      ,      ,      ,      ,      ,      ,      ,      ,      ,
================================================================================

文件名：5145_54405.ply
总点数：12163352
高：500.04 宽：500.04
分割高：50.00 分割宽：50.00
纵向重叠：0% 横向重叠：0%
分割为 11✖11 块(包含空白)

初步分块的点数分布
113643,101593,109106, 94291, 94711,121661,108319,103875, 97156,102419,    61,
113347,110700,141835,100295,118969,114442, 99159, 97694, 97089, 97717,    46,
102930,114858,123371,111689,120024, 96450, 98260, 96955, 95601,102060,    43,
102782,149856,130014,124770,122997, 99980,100933, 99444, 99499,101413,    38,
111068,157343,156539,147318,165100,149206,116365,115382,122424,117558,    55,
134890,113628,117742,147086,147284,114287,100616,101286, 99222, 99636,    62,
169181,187243,175504, 97446, 95698,133777,105977, 95543, 92702, 97238,    62,
166877,189701,170126,120292,166464,231695,110697, 98186, 98295,100934,    68,
174270,146462,149768,165757,138377,114539,124931,122547,125342,104743,    59,
166424,199089,156632,117339, 96168, 96047, 98238, 98223,100197, 99920,   105,
    97,   127,    81,    51,    70,    54,    42,    54,    59,    57,      ,

开始(向左/上)合并不足50✖50的块
合并后分块的点数分布:
113643,101593,109106, 94291, 94711,121661,108319,103875, 97156,102480,      ,
113347,110700,141835,100295,118969,114442, 99159, 97694, 97089, 97763,      ,
102930,114858,123371,111689,120024, 96450, 98260, 96955, 95601,102103,      ,
102782,149856,130014,124770,122997, 99980,100933, 99444, 99499,101451,      ,
111068,157343,156539,147318,165100,149206,116365,115382,122424,117613,      ,
134890,113628,117742,147086,147284,114287,100616,101286, 99222, 99698,      ,
169181,187243,175504, 97446, 95698,133777,105977, 95543, 92702, 97300,      ,
166877,189701,170126,120292,166464,231695,110697, 98186, 98295,101002,      ,
174270,146462,149768,165757,138377,114539,124931,122547,125342,104802,      ,
166521,199216,156713,117390, 96238, 96101, 98280, 98277,100256,100082,      ,
      ,      ,      ,      ,      ,      ,      ,      ,      ,      ,      ,

开始合并点数小于10000的分块:
合并后分块的点数分布:
113643,101593,109106, 94291, 94711,121661,108319,103875, 97156,102480,      ,
113347,110700,141835,100295,118969,114442, 99159, 97694, 97089, 97763,      ,
102930,114858,123371,111689,120024, 96450, 98260, 96955, 95601,102103,      ,
102782,149856,130014,124770,122997, 99980,100933, 99444, 99499,101451,      ,
111068,157343,156539,147318,165100,149206,116365,115382,122424,117613,      ,
134890,113628,117742,147086,147284,114287,100616,101286, 99222, 99698,      ,
169181,187243,175504, 97446, 95698,133777,105977, 95543, 92702, 97300,      ,
166877,189701,170126,120292,166464,231695,110697, 98186, 98295,101002,      ,
174270,146462,149768,165757,138377,114539,124931,122547,125342,104802,      ,
166521,199216,156713,117390, 96238, 96101, 98280, 98277,100256,100082,      ,
      ,      ,      ,      ,      ,      ,      ,      ,      ,      ,      ,
================================================================================

文件名：5145_54470.ply
总点数：12105815
高：500.03 宽：500.03
分割高：50.00 分割宽：50.00
纵向重叠：0% 横向重叠：0%
分割为 11✖11 块(包含空白)

初步分块的点数分布
106668,101955,106137, 91281, 90964,120267,125396,107720,115267,107269,    38,
 97575,106272,100908, 96178,100142,103582,108161,121474,124142,116684,    57,
115977,138163,112848,100858, 95695,107563,108550,119938,120124,117085,    55,
120523,118171,136267,115827,110907,134285,123305,116637,125270,155497,    54,
128305,121517,136160,111567,104429,141558,109956,163040,129787,127526,    39,
148025,122545,135277,137601,112066,154873,122902,133932,148739,146680,    42,
136631,135641,137807,120300,105403,147163,115049,130356,131845,131136,    31,
117447,111474,119743,120424,103816,128189,147648,121469,115210,141199,    29,
131572,105028,132738,105541,104710,113538,113971,111600,121313,150679,    34,
125935,120053,112838,106675,104954,110747,109384,145197,119816,167589,    31,
    48,    45,    40,    48,    39,    46,    40,    47,    34,    65,      ,

开始(向左/上)合并不足50✖50的块
合并后分块的点数分布:
106668,101955,106137, 91281, 90964,120267,125396,107720,115267,107307,      ,
 97575,106272,100908, 96178,100142,103582,108161,121474,124142,116741,      ,
115977,138163,112848,100858, 95695,107563,108550,119938,120124,117140,      ,
120523,118171,136267,115827,110907,134285,123305,116637,125270,155551,      ,
128305,121517,136160,111567,104429,141558,109956,163040,129787,127565,      ,
148025,122545,135277,137601,112066,154873,122902,133932,148739,146722,      ,
136631,135641,137807,120300,105403,147163,115049,130356,131845,131167,      ,
117447,111474,119743,120424,103816,128189,147648,121469,115210,141228,      ,
131572,105028,132738,105541,104710,113538,113971,111600,121313,150713,      ,
125983,120098,112878,106723,104993,110793,109424,145244,119850,167685,      ,
      ,      ,      ,      ,      ,      ,      ,      ,      ,      ,      ,

开始合并点数小于10000的分块:
合并后分块的点数分布:
106668,101955,106137, 91281, 90964,120267,125396,107720,115267,107307,      ,
 97575,106272,100908, 96178,100142,103582,108161,121474,124142,116741,      ,
115977,138163,112848,100858, 95695,107563,108550,119938,120124,117140,      ,
120523,118171,136267,115827,110907,134285,123305,116637,125270,155551,      ,
128305,121517,136160,111567,104429,141558,109956,163040,129787,127565,      ,
148025,122545,135277,137601,112066,154873,122902,133932,148739,146722,      ,
136631,135641,137807,120300,105403,147163,115049,130356,131845,131167,      ,
117447,111474,119743,120424,103816,128189,147648,121469,115210,141228,      ,
131572,105028,132738,105541,104710,113538,113971,111600,121313,150713,      ,
125983,120098,112878,106723,104993,110793,109424,145244,119850,167685,      ,
      ,      ,      ,      ,      ,      ,      ,      ,      ,      ,      ,
================================================================================

文件名：5185_54485.ply
总点数：14539130
高：500.04 宽：500.03
分割高：50.00 分割宽：50.00
纵向重叠：0% 横向重叠：0%
分割为 11✖11 块(包含空白)

初步分块的点数分布
122471,199321,151266,217925,146563,186051,177490,100587,101802,139176,    61,
164924,232835,230175,208753,111420,136467,109749, 94000,107197,100814,    37,
268794,274331,240385,231239,125544,118109,109544,105800,107599,113312,    46,
240704,274247,254365,289839,155644,126009,103639,103850,115743,107915,    38,
220722,274244,281448,250906,193302,114349,105619, 96699,102209,128001,    58,
172764,196696,165148,154405,123464,129234,107093,108180, 99818,110005,    43,
236008,242274,135839,100041,114800, 95086, 99166,104165,100788,100646,    31,
254246,218467,120333, 97019,107069, 97749,103090, 98271, 97104, 99384,    32,
153403,178466, 89510, 93618,101349, 99262, 96588, 90606, 97273, 95613,    33,
221705,178098, 96941,106001, 92833, 97308, 94347, 99537,102803, 95482,    39,
    98,    79,    40,    62,    45,    45,    47,    43,    35,    43,      ,

开始(向左/上)合并不足50✖50的块
合并后分块的点数分布:
122471,199321,151266,217925,146563,186051,177490,100587,101802,139237,      ,
164924,232835,230175,208753,111420,136467,109749, 94000,107197,100851,      ,
268794,274331,240385,231239,125544,118109,109544,105800,107599,113358,      ,
240704,274247,254365,289839,155644,126009,103639,103850,115743,107953,      ,
220722,274244,281448,250906,193302,114349,105619, 96699,102209,128059,      ,
172764,196696,165148,154405,123464,129234,107093,108180, 99818,110048,      ,
236008,242274,135839,100041,114800, 95086, 99166,104165,100788,100677,      ,
254246,218467,120333, 97019,107069, 97749,103090, 98271, 97104, 99416,      ,
153403,178466, 89510, 93618,101349, 99262, 96588, 90606, 97273, 95646,      ,
221803,178177, 96981,106063, 92878, 97353, 94394, 99580,102838, 95564,      ,
      ,      ,      ,      ,      ,      ,      ,      ,      ,      ,      ,

开始合并点数小于10000的分块:
合并后分块的点数分布:
122471,199321,151266,217925,146563,186051,177490,100587,101802,139237,      ,
164924,232835,230175,208753,111420,136467,109749, 94000,107197,100851,      ,
268794,274331,240385,231239,125544,118109,109544,105800,107599,113358,      ,
240704,274247,254365,289839,155644,126009,103639,103850,115743,107953,      ,
220722,274244,281448,250906,193302,114349,105619, 96699,102209,128059,      ,
172764,196696,165148,154405,123464,129234,107093,108180, 99818,110048,      ,
236008,242274,135839,100041,114800, 95086, 99166,104165,100788,100677,      ,
254246,218467,120333, 97019,107069, 97749,103090, 98271, 97104, 99416,      ,
153403,178466, 89510, 93618,101349, 99262, 96588, 90606, 97273, 95646,      ,
221803,178177, 96981,106063, 92878, 97353, 94394, 99580,102838, 95564,      ,
      ,      ,      ,      ,      ,      ,      ,      ,      ,      ,      ,
================================================================================

文件名：5110_54460.ply
总点数：13784200
高：500.02 宽：500.03
分割高：50.00 分割宽：50.00
纵向重叠：0% 横向重叠：0%
分割为 11✖11 块(包含空白)

初步分块的点数分布
 99181,127671,110400,110809,106674,126075,282136,198054,124991,117688,    47,
 99134,114685,147520,152276,102664,207848,246165,152287,115937,117420,    64,
121020,129838,127104,119655,102543,210872,184731,164910,111120,110607,    44,
101431,107335,134402,155496,101639,207412,232937,242901,117432,115519,    42,
116557,120754,137043,154674,121189,152121,239425,269319,113126,110619,    52,
 93176, 99544,123122,134652,122616,107896,135583,204433,184278,125830,    37,
117166,106779,127558,129882,103123,115689,113170,107494,152314,248543,    62,
115498,117681,112806,113072, 99242,111726,106023,105494,123404,218460,    54,
122179,128587,165215,105053,104782,107578,117263,121245,140990,211335,    35,
135120,134783,115446,105350,106355,105663,109477,116002,171561,194968,    63,
    26,    27,    23,    35,    27,    19,    30,    45,    44,    28,      ,

开始(向左/上)合并不足50✖50的块
合并后分块的点数分布:
 99181,127671,110400,110809,106674,126075,282136,198054,124991,117735,      ,
 99134,114685,147520,152276,102664,207848,246165,152287,115937,117484,      ,
121020,129838,127104,119655,102543,210872,184731,164910,111120,110651,      ,
101431,107335,134402,155496,101639,207412,232937,242901,117432,115561,      ,
116557,120754,137043,154674,121189,152121,239425,269319,113126,110671,      ,
 93176, 99544,123122,134652,122616,107896,135583,204433,184278,125867,      ,
117166,106779,127558,129882,103123,115689,113170,107494,152314,248605,      ,
115498,117681,112806,113072, 99242,111726,106023,105494,123404,218514,      ,
122179,128587,165215,105053,104782,107578,117263,121245,140990,211370,      ,
135146,134810,115469,105385,106382,105682,109507,116047,171605,195059,      ,
      ,      ,      ,      ,      ,      ,      ,      ,      ,      ,      ,

开始合并点数小于10000的分块:
合并后分块的点数分布:
 99181,127671,110400,110809,106674,126075,282136,198054,124991,117735,      ,
 99134,114685,147520,152276,102664,207848,246165,152287,115937,117484,      ,
121020,129838,127104,119655,102543,210872,184731,164910,111120,110651,      ,
101431,107335,134402,155496,101639,207412,232937,242901,117432,115561,      ,
116557,120754,137043,154674,121189,152121,239425,269319,113126,110671,      ,
 93176, 99544,123122,134652,122616,107896,135583,204433,184278,125867,      ,
117166,106779,127558,129882,103123,115689,113170,107494,152314,248605,      ,
115498,117681,112806,113072, 99242,111726,106023,105494,123404,218514,      ,
122179,128587,165215,105053,104782,107578,117263,121245,140990,211370,      ,
135146,134810,115469,105385,106382,105682,109507,116047,171605,195059,      ,
      ,      ,      ,      ,      ,      ,      ,      ,      ,      ,      ,
================================================================================

文件名：5145_54480.ply
总点数：12715003
高：500.03 宽：500.02
分割高：50.00 分割宽：50.00
纵向重叠：0% 横向重叠：0%
分割为 11✖11 块(包含空白)

初步分块的点数分布
107256,106488,105056, 96022,107534,122551,146925,148133,224264,171050,    22,
108352,101493,102091, 98798,104662,125480,131717,139949,168558,151257,    34,
100076, 98477,100231, 90036,103739,121558,132324,126184,155134,155961,    42,
 94465,100793, 95510, 96992, 97424,113888,123847,139573,144417,130705,    37,
 97651, 96754,112129,106099,170526,203184,207053,166651,112752,134015,    26,
112442,104903,109025,124702,141076,174499,161812,137957,129200,128724,    28,
105387,112371,108302,146932,103326,139683,142323,121201,115591,108469,    25,
107030,112006,122752,131395,124268,136993,139652,122472,175546,196982,    33,
104376,113082,132045,112092,123745,128725,119149,120350,123608,119870,    22,
110402,122247,151423,119476,129493,123882,107159,123232,116722,225121,    63,
    50,    45,    75,    53,    39,    42,    38,    38,    57,    82,      ,

开始(向左/上)合并不足50✖50的块
合并后分块的点数分布:
107256,106488,105056, 96022,107534,122551,146925,148133,224264,171072,      ,
108352,101493,102091, 98798,104662,125480,131717,139949,168558,151291,      ,
100076, 98477,100231, 90036,103739,121558,132324,126184,155134,156003,      ,
 94465,100793, 95510, 96992, 97424,113888,123847,139573,144417,130742,      ,
 97651, 96754,112129,106099,170526,203184,207053,166651,112752,134041,      ,
112442,104903,109025,124702,141076,174499,161812,137957,129200,128752,      ,
105387,112371,108302,146932,103326,139683,142323,121201,115591,108494,      ,
107030,112006,122752,131395,124268,136993,139652,122472,175546,197015,      ,
104376,113082,132045,112092,123745,128725,119149,120350,123608,119892,      ,
110452,122292,151498,119529,129532,123924,107197,123270,116779,225266,      ,
      ,      ,      ,      ,      ,      ,      ,      ,      ,      ,      ,

开始合并点数小于10000的分块:
合并后分块的点数分布:
107256,106488,105056, 96022,107534,122551,146925,148133,224264,171072,      ,
108352,101493,102091, 98798,104662,125480,131717,139949,168558,151291,      ,
100076, 98477,100231, 90036,103739,121558,132324,126184,155134,156003,      ,
 94465,100793, 95510, 96992, 97424,113888,123847,139573,144417,130742,      ,
 97651, 96754,112129,106099,170526,203184,207053,166651,112752,134041,      ,
112442,104903,109025,124702,141076,174499,161812,137957,129200,128752,      ,
105387,112371,108302,146932,103326,139683,142323,121201,115591,108494,      ,
107030,112006,122752,131395,124268,136993,139652,122472,175546,197015,      ,
104376,113082,132045,112092,123745,128725,119149,120350,123608,119892,      ,
110452,122292,151498,119529,129532,123924,107197,123270,116779,225266,      ,
      ,      ,      ,      ,      ,      ,      ,      ,      ,      ,      ,
================================================================================

文件名：5180_54485.ply
总点数：11950032
高：500.03 宽：500.03
分割高：50.00 分割宽：50.00
纵向重叠：0% 横向重叠：0%
分割为 11✖11 块(包含空白)

初步分块的点数分布
 96107, 89760, 84170,107823,109500,139940,129176,108020,107989,117141,    79,
 94875, 83926, 79972,123963,106131,118797,105217, 99314, 94153, 91821,    49,
121759,123251,119364,126103,118655,118155,112227, 98700,100855,123201,    85,
128113,118891,114240,136166,113493,103602,112395,112756, 98110,101724,    30,
144271,118551,156456,154744,101666,111949,106654,101992,106112,104968,    56,
135777,101266,126328,141674,112024,104603,100704, 95863,109752,122823,    51,
123639, 99828,101981,109026,114440,101548,100692, 97114,142538,173222,    49,
127576,111614, 98346, 97586,123250, 96592, 98695, 94195,179154,199446,   105,
113916, 97622, 90638,108218, 92873, 93503,146607,133513,153961,211759,   102,
111134,105104,100380,109083,114062,105713,245769,229615,237081,214711,    83,
    69,    36,    30,    46,    65,    52,   100,    90,    78,    71,      ,

开始(向左/上)合并不足50✖50的块
合并后分块的点数分布:
 96107, 89760, 84170,107823,109500,139940,129176,108020,107989,117220,      ,
 94875, 83926, 79972,123963,106131,118797,105217, 99314, 94153, 91870,      ,
121759,123251,119364,126103,118655,118155,112227, 98700,100855,123286,      ,
128113,118891,114240,136166,113493,103602,112395,112756, 98110,101754,      ,
144271,118551,156456,154744,101666,111949,106654,101992,106112,105024,      ,
135777,101266,126328,141674,112024,104603,100704, 95863,109752,122874,      ,
123639, 99828,101981,109026,114440,101548,100692, 97114,142538,173271,      ,
127576,111614, 98346, 97586,123250, 96592, 98695, 94195,179154,199551,      ,
113916, 97622, 90638,108218, 92873, 93503,146607,133513,153961,211861,      ,
111203,105140,100410,109129,114127,105765,245869,229705,237159,214865,      ,
      ,      ,      ,      ,      ,      ,      ,      ,      ,      ,      ,

开始合并点数小于10000的分块:
合并后分块的点数分布:
 96107, 89760, 84170,107823,109500,139940,129176,108020,107989,117220,      ,
 94875, 83926, 79972,123963,106131,118797,105217, 99314, 94153, 91870,      ,
121759,123251,119364,126103,118655,118155,112227, 98700,100855,123286,      ,
128113,118891,114240,136166,113493,103602,112395,112756, 98110,101754,      ,
144271,118551,156456,154744,101666,111949,106654,101992,106112,105024,      ,
135777,101266,126328,141674,112024,104603,100704, 95863,109752,122874,      ,
123639, 99828,101981,109026,114440,101548,100692, 97114,142538,173271,      ,
127576,111614, 98346, 97586,123250, 96592, 98695, 94195,179154,199551,      ,
113916, 97622, 90638,108218, 92873, 93503,146607,133513,153961,211861,      ,
111203,105140,100410,109129,114127,105765,245869,229705,237159,214865,      ,
      ,      ,      ,      ,      ,      ,      ,      ,      ,      ,      ,
================================================================================

文件名：5135_54495.ply
总点数：11843709
高：500.04 宽：500.03
分割高：50.00 分割宽：50.00
纵向重叠：0% 横向重叠：0%
分割为 11✖11 块(包含空白)

初步分块的点数分布
139282,119186,104427,106352,142774,151136,145233,168911,125992,144873,    66,
103935, 93231, 97878,104275,107861,110392,121006,106362,103640,100640,    33,
 93823, 91369, 95027,101702,104234, 98404,102279,100828, 92423,154008,    63,
101411,100036,104449, 94385, 97436, 93471, 94864, 96933, 90330,131046,    54,
156980,136635,107682,112767,105548, 98420, 97579,122483,112084,119883,    70,
103522,109257,118661,125415,116435,102173, 95127,106509,127308,130891,    39,
118913,115540,124846,121306,103630,101112, 96130, 99057,151793,114311,    35,
112402,104864,151992,123318,119477,132016,129271,133745,122545,160413,    73,
134196,149758,176756,133363,121451,140462,117358,134259,116263,143447,    70,
117163,105145,147971,114193,120942,130465,163113,122040,152584,127272,    50,
    52,    45,    62,    63,   111,    92,   141,   102,    75,    64,      ,

开始(向左/上)合并不足50✖50的块
合并后分块的点数分布:
139282,119186,104427,106352,142774,151136,145233,168911,125992,144939,      ,
103935, 93231, 97878,104275,107861,110392,121006,106362,103640,100673,      ,
 93823, 91369, 95027,101702,104234, 98404,102279,100828, 92423,154071,      ,
101411,100036,104449, 94385, 97436, 93471, 94864, 96933, 90330,131100,      ,
156980,136635,107682,112767,105548, 98420, 97579,122483,112084,119953,      ,
103522,109257,118661,125415,116435,102173, 95127,106509,127308,130930,      ,
118913,115540,124846,121306,103630,101112, 96130, 99057,151793,114346,      ,
112402,104864,151992,123318,119477,132016,129271,133745,122545,160486,      ,
134196,149758,176756,133363,121451,140462,117358,134259,116263,143517,      ,
117215,105190,148033,114256,121053,130557,163254,122142,152659,127386,      ,
      ,      ,      ,      ,      ,      ,      ,      ,      ,      ,      ,

开始合并点数小于10000的分块:
合并后分块的点数分布:
139282,119186,104427,106352,142774,151136,145233,168911,125992,144939,      ,
103935, 93231, 97878,104275,107861,110392,121006,106362,103640,100673,      ,
 93823, 91369, 95027,101702,104234, 98404,102279,100828, 92423,154071,      ,
101411,100036,104449, 94385, 97436, 93471, 94864, 96933, 90330,131100,      ,
156980,136635,107682,112767,105548, 98420, 97579,122483,112084,119953,      ,
103522,109257,118661,125415,116435,102173, 95127,106509,127308,130930,      ,
118913,115540,124846,121306,103630,101112, 96130, 99057,151793,114346,      ,
112402,104864,151992,123318,119477,132016,129271,133745,122545,160486,      ,
134196,149758,176756,133363,121451,140462,117358,134259,116263,143517,      ,
117215,105190,148033,114256,121053,130557,163254,122142,152659,127386,      ,
      ,      ,      ,      ,      ,      ,      ,      ,      ,      ,      ,
================================================================================

文件名：5150_54340.ply
总点数：13633297
高：500.03 宽：500.03
分割高：50.00 分割宽：50.00
纵向重叠：0% 横向重叠：0%
分割为 11✖11 块(包含空白)

初步分块的点数分布
214366,165041,168263,144459,117993,110566,205865,298129,212725,138314,    60,
174179,199450,226995,253270,233967,196268,250049,228874,199813,196253,    63,
123800,107549,153922,162843,179069,184506,174292,107854,106174,107464,    45,
135910,103589,111567,112552,116214,112706,115984,107479,105493,114279,    40,
138857,111521,111059,107120,105251,112993,123824,110130,100442,114555,    47,
156872,113429,118816,123027,114242,117227,130556,126055,102860,110113,    47,
127734,121068,129340,118002,118956,138587,123710,109655, 95408, 90113,    36,
165084,148006,126582,136154,141904,140373,120117,100917, 96291, 90108,    39,
138711, 99847,115422,108733,122426,127388,128207,111778,103694, 91459,    41,
146067, 99525,117725,118240,131477,133374,150741,116917,116868, 94001,    27,
    70,    28,    27,    40,    68,    33,    50,    46,    61,    29,      ,

开始(向左/上)合并不足50✖50的块
合并后分块的点数分布:
214366,165041,168263,144459,117993,110566,205865,298129,212725,138374,      ,
174179,199450,226995,253270,233967,196268,250049,228874,199813,196316,      ,
123800,107549,153922,162843,179069,184506,174292,107854,106174,107509,      ,
135910,103589,111567,112552,116214,112706,115984,107479,105493,114319,      ,
138857,111521,111059,107120,105251,112993,123824,110130,100442,114602,      ,
156872,113429,118816,123027,114242,117227,130556,126055,102860,110160,      ,
127734,121068,129340,118002,118956,138587,123710,109655, 95408, 90149,      ,
165084,148006,126582,136154,141904,140373,120117,100917, 96291, 90147,      ,
138711, 99847,115422,108733,122426,127388,128207,111778,103694, 91500,      ,
146137, 99553,117752,118280,131545,133407,150791,116963,116929, 94057,      ,
      ,      ,      ,      ,      ,      ,      ,      ,      ,      ,      ,

开始合并点数小于10000的分块:
合并后分块的点数分布:
214366,165041,168263,144459,117993,110566,205865,298129,212725,138374,      ,
174179,199450,226995,253270,233967,196268,250049,228874,199813,196316,      ,
123800,107549,153922,162843,179069,184506,174292,107854,106174,107509,      ,
135910,103589,111567,112552,116214,112706,115984,107479,105493,114319,      ,
138857,111521,111059,107120,105251,112993,123824,110130,100442,114602,      ,
156872,113429,118816,123027,114242,117227,130556,126055,102860,110160,      ,
127734,121068,129340,118002,118956,138587,123710,109655, 95408, 90149,      ,
165084,148006,126582,136154,141904,140373,120117,100917, 96291, 90147,      ,
138711, 99847,115422,108733,122426,127388,128207,111778,103694, 91500,      ,
146137, 99553,117752,118280,131545,133407,150791,116963,116929, 94057,      ,
      ,      ,      ,      ,      ,      ,      ,      ,      ,      ,      ,
================================================================================

文件名：5100_54495.ply
总点数：12085953
高：500.04 宽：500.03
分割高：50.00 分割宽：50.00
纵向重叠：0% 横向重叠：0%
分割为 11✖11 块(包含空白)

初步分块的点数分布
108160,126388,133651,119491,124828,198600,182892,183495,112051,130671,    82,
123300,106141,107842,103851,123649,107090,118094,130187,113473,106180,    46,
119856,110037,134254,112515,177578,120138,114060,115217,132420,134776,    80,
113375,111241, 97821,105432,115324,102325, 97379,106787,123803,138299,    43,
118224,116195,132418,102984,115052,115145,111421,116912,118693,140848,    54,
143109,110974,117314, 90877,117671,130085,111097,101416,103822,108091,    57,
128834,102493,108062, 92928,119735,119392,138511,110383,128802, 94274,    32,
139038,107727,135789, 88731,113370,111377,148857,107893,135684, 94708,    33,
120498,115379,134029,110198,140879,120636,128953,106428,134405,142445,    53,
123774,107579,106724,126333,158024,124347,150479,112390,123015,110157,    61,
    47,    51,    39,    32,    38,    64,   118,    42,    67,    72,      ,

开始(向左/上)合并不足50✖50的块
合并后分块的点数分布:
108160,126388,133651,119491,124828,198600,182892,183495,112051,130753,      ,
123300,106141,107842,103851,123649,107090,118094,130187,113473,106226,      ,
119856,110037,134254,112515,177578,120138,114060,115217,132420,134856,      ,
113375,111241, 97821,105432,115324,102325, 97379,106787,123803,138342,      ,
118224,116195,132418,102984,115052,115145,111421,116912,118693,140902,      ,
143109,110974,117314, 90877,117671,130085,111097,101416,103822,108148,      ,
128834,102493,108062, 92928,119735,119392,138511,110383,128802, 94306,      ,
139038,107727,135789, 88731,113370,111377,148857,107893,135684, 94741,      ,
120498,115379,134029,110198,140879,120636,128953,106428,134405,142498,      ,
123821,107630,106763,126365,158062,124411,150597,112432,123082,110290,      ,
      ,      ,      ,      ,      ,      ,      ,      ,      ,      ,      ,

开始合并点数小于10000的分块:
合并后分块的点数分布:
108160,126388,133651,119491,124828,198600,182892,183495,112051,130753,      ,
123300,106141,107842,103851,123649,107090,118094,130187,113473,106226,      ,
119856,110037,134254,112515,177578,120138,114060,115217,132420,134856,      ,
113375,111241, 97821,105432,115324,102325, 97379,106787,123803,138342,      ,
118224,116195,132418,102984,115052,115145,111421,116912,118693,140902,      ,
143109,110974,117314, 90877,117671,130085,111097,101416,103822,108148,      ,
128834,102493,108062, 92928,119735,119392,138511,110383,128802, 94306,      ,
139038,107727,135789, 88731,113370,111377,148857,107893,135684, 94741,      ,
120498,115379,134029,110198,140879,120636,128953,106428,134405,142498,      ,
123821,107630,106763,126365,158062,124411,150597,112432,123082,110290,      ,
      ,      ,      ,      ,      ,      ,      ,      ,      ,      ,      ,
================================================================================

文件名：5140_54445.ply
总点数：12247389
高：500.03 宽：500.03
分割高：50.00 分割宽：50.00
纵向重叠：0% 横向重叠：0%
分割为 11✖11 块(包含空白)

初步分块的点数分布
121920,120562,143576,118442,115571,105392,108907,113972,116775,141028,    60,
137235,107180,130177,116651,112031,121361,109131,108904,110774,126798,    36,
131519,113651,121517,112955,117151,118347,103790,105458,111579,133767,    34,
140332,122394,122189,114309,113957,118023,100897,108487,112193,116317,    29,
118546,114290,113744,118089,114734,112066,104935,102850,108031,114102,    33,
116109,110494, 96953,111274,139731,100950, 95722, 96637, 97650,112223,    45,
131051,128836,104020,111240,122271,119989,113822,122905,114537,151659,    94,
126509,119077,152478,186023,152666,144041,133454,126309,142126,132186,    51,
 98581,116560,133681,165143,142661,127227,134736,142239,126676,133684,    38,
121931,147778,155987,154618,127756,110836,121976,165441,125556,138498,    52,
    24,    36,    29,    35,    29,    27,    27,    33,    27,    31,      ,

开始(向左/上)合并不足50✖50的块
合并后分块的点数分布:
121920,120562,143576,118442,115571,105392,108907,113972,116775,141088,      ,
137235,107180,130177,116651,112031,121361,109131,108904,110774,126834,      ,
131519,113651,121517,112955,117151,118347,103790,105458,111579,133801,      ,
140332,122394,122189,114309,113957,118023,100897,108487,112193,116346,      ,
118546,114290,113744,118089,114734,112066,104935,102850,108031,114135,      ,
116109,110494, 96953,111274,139731,100950, 95722, 96637, 97650,112268,      ,
131051,128836,104020,111240,122271,119989,113822,122905,114537,151753,      ,
126509,119077,152478,186023,152666,144041,133454,126309,142126,132237,      ,
 98581,116560,133681,165143,142661,127227,134736,142239,126676,133722,      ,
121955,147814,156016,154653,127785,110863,122003,165474,125583,138581,      ,
      ,      ,      ,      ,      ,      ,      ,      ,      ,      ,      ,

开始合并点数小于10000的分块:
合并后分块的点数分布:
121920,120562,143576,118442,115571,105392,108907,113972,116775,141088,      ,
137235,107180,130177,116651,112031,121361,109131,108904,110774,126834,      ,
131519,113651,121517,112955,117151,118347,103790,105458,111579,133801,      ,
140332,122394,122189,114309,113957,118023,100897,108487,112193,116346,      ,
118546,114290,113744,118089,114734,112066,104935,102850,108031,114135,      ,
116109,110494, 96953,111274,139731,100950, 95722, 96637, 97650,112268,      ,
131051,128836,104020,111240,122271,119989,113822,122905,114537,151753,      ,
126509,119077,152478,186023,152666,144041,133454,126309,142126,132237,      ,
 98581,116560,133681,165143,142661,127227,134736,142239,126676,133722,      ,
121955,147814,156016,154653,127785,110863,122003,165474,125583,138581,      ,
      ,      ,      ,      ,      ,      ,      ,      ,      ,      ,      ,
================================================================================

文件名：5130_54355.ply
总点数：12148800
高：500.04 宽：500.03
分割高：50.00 分割宽：50.00
纵向重叠：0% 横向重叠：0%
分割为 11✖11 块(包含空白)

初步分块的点数分布
103387,134642, 95916,112039,129575,124283,126400,152044,154149,153758,    48,
135257, 96489,104202,122528,116378,115043,108975,123066,125504,129335,    47,
 98409,100367,122267,120364,119727,119432,113468,121841,119412,121288,    45,
 94568,102622,121663,113147,112271,112235,106397,111639,117507,109503,    43,
 94630, 95370,107194,112865,113123,111067,106873,118525,122477,115231,    44,
101034, 95739,125181,123797,124596,121014,123251,122753,122783,130384,    49,
 96217, 95786, 97020,116048,112637,150276,129537,132065,132121,133994,    53,
 95843, 96035, 96677,108660,115095,172143,130037,123850,124525,183389,    52,
 95611, 95333, 99399,109035,120698,172282,158419,163871,145393,159633,    68,
 95661, 95894,106960,110170,151933,127339,164002,160322,178067,190421,    97,
    40,    49,    70,    64,    54,    46,    56,    49,    61,    72,      ,

开始(向左/上)合并不足50✖50的块
合并后分块的点数分布:
103387,134642, 95916,112039,129575,124283,126400,152044,154149,153806,      ,
135257, 96489,104202,122528,116378,115043,108975,123066,125504,129382,      ,
 98409,100367,122267,120364,119727,119432,113468,121841,119412,121333,      ,
 94568,102622,121663,113147,112271,112235,106397,111639,117507,109546,      ,
 94630, 95370,107194,112865,113123,111067,106873,118525,122477,115275,      ,
101034, 95739,125181,123797,124596,121014,123251,122753,122783,130433,      ,
 96217, 95786, 97020,116048,112637,150276,129537,132065,132121,134047,      ,
 95843, 96035, 96677,108660,115095,172143,130037,123850,124525,183441,      ,
 95611, 95333, 99399,109035,120698,172282,158419,163871,145393,159701,      ,
 95701, 95943,107030,110234,151987,127385,164058,160371,178128,190590,      ,
      ,      ,      ,      ,      ,      ,      ,      ,      ,      ,      ,

开始合并点数小于10000的分块:
合并后分块的点数分布:
103387,134642, 95916,112039,129575,124283,126400,152044,154149,153806,      ,
135257, 96489,104202,122528,116378,115043,108975,123066,125504,129382,      ,
 98409,100367,122267,120364,119727,119432,113468,121841,119412,121333,      ,
 94568,102622,121663,113147,112271,112235,106397,111639,117507,109546,      ,
 94630, 95370,107194,112865,113123,111067,106873,118525,122477,115275,      ,
101034, 95739,125181,123797,124596,121014,123251,122753,122783,130433,      ,
 96217, 95786, 97020,116048,112637,150276,129537,132065,132121,134047,      ,
 95843, 96035, 96677,108660,115095,172143,130037,123850,124525,183441,      ,
 95611, 95333, 99399,109035,120698,172282,158419,163871,145393,159701,      ,
 95701, 95943,107030,110234,151987,127385,164058,160371,178128,190590,      ,
      ,      ,      ,      ,      ,      ,      ,      ,      ,      ,      ,
================================================================================

文件名：5165_54395.ply
总点数：13736539
高：500.04 宽：500.06
分割高：50.00 分割宽：50.00
纵向重叠：0% 横向重叠：0%
分割为 11✖11 块(包含空白)

初步分块的点数分布
145221,160199,163087,159997,233701,187955,112768,108980,114576,109873,    60,
 76983,106188,119260,126471,110613,112473,108634,114805,116037,136010,    63,
 95626,164435,176802,127539,105657,114004,115844,111836,120001,134044,    64,
135901,186858,148238,140944,107910,112885,107611,111130,110360,105386,    76,
208496,233913,153750,157197,165452,157611,115934,111942,113556,106274,    74,
242864,219420,177009,264015,270062,254313,106856,104995,110264,103979,    91,
191649,162629,111522,231418,245267,168657,107365,100541,104269, 99832,    72,
150938,133679,100019, 99121,100163,103648,107774,115582,106622, 96142,    84,
112978,172532, 96605,104557,114354,120592,141595,265903,126394,108677,   117,
118983,148102, 96320,104082,107861,108962,122614,170242,114651,111880,    87,
    59,    57,    43,    44,    37,    47,    46,    41,    49,    42,      ,

开始(向左/上)合并不足50✖50的块
合并后分块的点数分布:
145221,160199,163087,159997,233701,187955,112768,108980,114576,109933,      ,
 76983,106188,119260,126471,110613,112473,108634,114805,116037,136073,      ,
 95626,164435,176802,127539,105657,114004,115844,111836,120001,134108,      ,
135901,186858,148238,140944,107910,112885,107611,111130,110360,105462,      ,
208496,233913,153750,157197,165452,157611,115934,111942,113556,106348,      ,
242864,219420,177009,264015,270062,254313,106856,104995,110264,104070,      ,
191649,162629,111522,231418,245267,168657,107365,100541,104269, 99904,      ,
150938,133679,100019, 99121,100163,103648,107774,115582,106622, 96226,      ,
112978,172532, 96605,104557,114354,120592,141595,265903,126394,108794,      ,
119042,148159, 96363,104126,107898,109009,122660,170283,114700,112009,      ,
      ,      ,      ,      ,      ,      ,      ,      ,      ,      ,      ,

开始合并点数小于10000的分块:
合并后分块的点数分布:
145221,160199,163087,159997,233701,187955,112768,108980,114576,109933,      ,
 76983,106188,119260,126471,110613,112473,108634,114805,116037,136073,      ,
 95626,164435,176802,127539,105657,114004,115844,111836,120001,134108,      ,
135901,186858,148238,140944,107910,112885,107611,111130,110360,105462,      ,
208496,233913,153750,157197,165452,157611,115934,111942,113556,106348,      ,
242864,219420,177009,264015,270062,254313,106856,104995,110264,104070,      ,
191649,162629,111522,231418,245267,168657,107365,100541,104269, 99904,      ,
150938,133679,100019, 99121,100163,103648,107774,115582,106622, 96226,      ,
112978,172532, 96605,104557,114354,120592,141595,265903,126394,108794,      ,
119042,148159, 96363,104126,107898,109009,122660,170283,114700,112009,      ,
      ,      ,      ,      ,      ,      ,      ,      ,      ,      ,      ,
================================================================================

文件名：5110_54475.ply
总点数：11981458
高：500.03 宽：500.04
分割高：50.00 分割宽：50.00
纵向重叠：0% 横向重叠：0%
分割为 11✖11 块(包含空白)

初步分块的点数分布
116473,113153,190672,136053,121431, 94683, 93412,113040,136519,200908,    92,
148396,137996,123151,130349,122953, 95909,101759,108962,113926,106629,    47,
105386,109212,130761,116503,116319, 95680, 92245, 98700, 99020,107157,    48,
123145,138311,182966,190515,185225, 91224, 90318,106866,101182,112234,    61,
108566,120705,139468,105546,130444, 92833,106160,104429,111552,107374,    54,
146393,105901,133186,141042,142546, 89458, 87171,113102, 91839,113851,   113,
124459,140692,107601,146306,123794, 86764,106497,110310, 96504,111660,    52,
126884,104058,119081,145623,106598, 92697, 98623,128069,131826,139274,    69,
120221,122221,113873,112190,121832, 93504,135814,143555,119874,168346,    51,
109586,139917,121202,129420,128039,129720, 88321, 97645,102728,147615,    81,
    64,    43,    44,    31,    35,    62,    33,    37,    45,    78,      ,

开始(向左/上)合并不足50✖50的块
合并后分块的点数分布:
116473,113153,190672,136053,121431, 94683, 93412,113040,136519,201000,      ,
148396,137996,123151,130349,122953, 95909,101759,108962,113926,106676,      ,
105386,109212,130761,116503,116319, 95680, 92245, 98700, 99020,107205,      ,
123145,138311,182966,190515,185225, 91224, 90318,106866,101182,112295,      ,
108566,120705,139468,105546,130444, 92833,106160,104429,111552,107428,      ,
146393,105901,133186,141042,142546, 89458, 87171,113102, 91839,113964,      ,
124459,140692,107601,146306,123794, 86764,106497,110310, 96504,111712,      ,
126884,104058,119081,145623,106598, 92697, 98623,128069,131826,139343,      ,
120221,122221,113873,112190,121832, 93504,135814,143555,119874,168397,      ,
109650,139960,121246,129451,128074,129782, 88354, 97682,102773,147774,      ,
      ,      ,      ,      ,      ,      ,      ,      ,      ,      ,      ,

开始合并点数小于10000的分块:
合并后分块的点数分布:
116473,113153,190672,136053,121431, 94683, 93412,113040,136519,201000,      ,
148396,137996,123151,130349,122953, 95909,101759,108962,113926,106676,      ,
105386,109212,130761,116503,116319, 95680, 92245, 98700, 99020,107205,      ,
123145,138311,182966,190515,185225, 91224, 90318,106866,101182,112295,      ,
108566,120705,139468,105546,130444, 92833,106160,104429,111552,107428,      ,
146393,105901,133186,141042,142546, 89458, 87171,113102, 91839,113964,      ,
124459,140692,107601,146306,123794, 86764,106497,110310, 96504,111712,      ,
126884,104058,119081,145623,106598, 92697, 98623,128069,131826,139343,      ,
120221,122221,113873,112190,121832, 93504,135814,143555,119874,168397,      ,
109650,139960,121246,129451,128074,129782, 88354, 97682,102773,147774,      ,
      ,      ,      ,      ,      ,      ,      ,      ,      ,      ,      ,
================================================================================

文件名：5145_54340.ply
总点数：12059123
高：500.03 宽：500.04
分割高：50.00 分割宽：50.00
纵向重叠：0% 横向重叠：0%
分割为 11✖11 块(包含空白)

初步分块的点数分布
134558,112842,111276,102665, 97221,129021,123310,141129,155635,203195,   105,
129762,115372,111138,104938,119945,137847,114763,169050,238616,166862,    78,
119773,115853,111088,103362,122427,133809,100650,121954,123093,126123,    69,
100486, 97802,104788, 95795,104013,108496, 98807,104068,116008,130347,    54,
 96422,111462,105414, 90973, 90602, 98968,106067,103762,115848,117328,    43,
124604,129201,103575,116417,106495,111965,110537,126622,123116,125820,    63,
101264,134117,120557,127519,112003,105729,107553,120466,129138,138915,    67,
119478,131526,130229,115889,120024,142898,146670,129281,131348,124849,    88,
108578,100920,109796,115963,124869,147733,126561,121832,124509,128426,    67,
106751,109151,123417,112755,124583,118887,118663,133146,114687,127806,    81,
    38,    40,    39,    43,    40,    71,    37,    39,    50,    43,      ,

开始(向左/上)合并不足50✖50的块
合并后分块的点数分布:
134558,112842,111276,102665, 97221,129021,123310,141129,155635,203300,      ,
129762,115372,111138,104938,119945,137847,114763,169050,238616,166940,      ,
119773,115853,111088,103362,122427,133809,100650,121954,123093,126192,      ,
100486, 97802,104788, 95795,104013,108496, 98807,104068,116008,130401,      ,
 96422,111462,105414, 90973, 90602, 98968,106067,103762,115848,117371,      ,
124604,129201,103575,116417,106495,111965,110537,126622,123116,125883,      ,
101264,134117,120557,127519,112003,105729,107553,120466,129138,138982,      ,
119478,131526,130229,115889,120024,142898,146670,129281,131348,124937,      ,
108578,100920,109796,115963,124869,147733,126561,121832,124509,128493,      ,
106789,109191,123456,112798,124623,118958,118700,133185,114737,127930,      ,
      ,      ,      ,      ,      ,      ,      ,      ,      ,      ,      ,

开始合并点数小于10000的分块:
合并后分块的点数分布:
134558,112842,111276,102665, 97221,129021,123310,141129,155635,203300,      ,
129762,115372,111138,104938,119945,137847,114763,169050,238616,166940,      ,
119773,115853,111088,103362,122427,133809,100650,121954,123093,126192,      ,
100486, 97802,104788, 95795,104013,108496, 98807,104068,116008,130401,      ,
 96422,111462,105414, 90973, 90602, 98968,106067,103762,115848,117371,      ,
124604,129201,103575,116417,106495,111965,110537,126622,123116,125883,      ,
101264,134117,120557,127519,112003,105729,107553,120466,129138,138982,      ,
119478,131526,130229,115889,120024,142898,146670,129281,131348,124937,      ,
108578,100920,109796,115963,124869,147733,126561,121832,124509,128493,      ,
106789,109191,123456,112798,124623,118958,118700,133185,114737,127930,      ,
      ,      ,      ,      ,      ,      ,      ,      ,      ,      ,      ,
================================================================================

文件名：5180_54435.ply
总点数：12108283
高：500.04 宽：500.03
分割高：50.00 分割宽：50.00
纵向重叠：0% 横向重叠：0%
分割为 11✖11 块(包含空白)

初步分块的点数分布
109909,104596,106115,106876,103698,106497,101849,128595,152580,190648,    54,
106283,110285,102193,109492,107465,110109,133041,111458,131732,140079,    75,
100508, 98048, 99462, 96325, 96202,121011,122238, 95085,111497,121068,    50,
104185,108000,120576,116305,112720,102452,111428,105125,169954,130898,    36,
121859,134187,106029,131008,106043, 94482,105055, 98789,161418,100702,    56,
152505,156003, 92464,110775,114150, 97146, 97366,107330,125388,165381,    69,
135049,153253,106800,109221,110222,109552, 97062, 98779,219297,149242,    44,
140157,130936,114597,119671,102809,121176,104835,127974,118426, 95680,    41,
138592,127836,122334,138311,137791,102639,141819,119160,125693,164980,    34,
115810,108587,105107,106457,147943,137333,143191,161981,165568,140343,    33,
    69,    55,    47,    43,    49,    41,    44,    63,    45,    37,      ,

开始(向左/上)合并不足50✖50的块
合并后分块的点数分布:
109909,104596,106115,106876,103698,106497,101849,128595,152580,190702,      ,
106283,110285,102193,109492,107465,110109,133041,111458,131732,140154,      ,
100508, 98048, 99462, 96325, 96202,121011,122238, 95085,111497,121118,      ,
104185,108000,120576,116305,112720,102452,111428,105125,169954,130934,      ,
121859,134187,106029,131008,106043, 94482,105055, 98789,161418,100758,      ,
152505,156003, 92464,110775,114150, 97146, 97366,107330,125388,165450,      ,
135049,153253,106800,109221,110222,109552, 97062, 98779,219297,149286,      ,
140157,130936,114597,119671,102809,121176,104835,127974,118426, 95721,      ,
138592,127836,122334,138311,137791,102639,141819,119160,125693,165014,      ,
115879,108642,105154,106500,147992,137374,143235,162044,165613,140413,      ,
      ,      ,      ,      ,      ,      ,      ,      ,      ,      ,      ,

开始合并点数小于10000的分块:
合并后分块的点数分布:
109909,104596,106115,106876,103698,106497,101849,128595,152580,190702,      ,
106283,110285,102193,109492,107465,110109,133041,111458,131732,140154,      ,
100508, 98048, 99462, 96325, 96202,121011,122238, 95085,111497,121118,      ,
104185,108000,120576,116305,112720,102452,111428,105125,169954,130934,      ,
121859,134187,106029,131008,106043, 94482,105055, 98789,161418,100758,      ,
152505,156003, 92464,110775,114150, 97146, 97366,107330,125388,165450,      ,
135049,153253,106800,109221,110222,109552, 97062, 98779,219297,149286,      ,
140157,130936,114597,119671,102809,121176,104835,127974,118426, 95721,      ,
138592,127836,122334,138311,137791,102639,141819,119160,125693,165014,      ,
115879,108642,105154,106500,147992,137374,143235,162044,165613,140413,      ,
      ,      ,      ,      ,      ,      ,      ,      ,      ,      ,      ,
================================================================================

文件名：5110_54320.ply
总点数：17747769
高：500.03 宽：500.01
分割高：50.00 分割宽：50.00
纵向重叠：0% 横向重叠：0%
分割为 11✖11 块(包含空白)

初步分块的点数分布
274072,275419,310671,322129,208839,243803,109935,117647,139402,155208,    16,
279970,293654,337866,331624,247057,268725,111126,151966,262682,132313,    15,
302261,299545,321783,335593,331880,278479,207948,274800,278656,313794,    41,
127243,260629,314267,279907,212981,210118,217532,249140,237774,313792,    65,
100472,130637,119938,115962,133213,135319,124628,122558,278171,231208,    31,
 90475, 91168,100665,109326,126479,104285,133530,109602,260622,142673,    16,
 90122, 95909,100220,117508,116269,112526, 97284,130429,193745,111465,    24,
104122,103918,122017,127234,146438,112283,117703,175302,150836,130997,    21,
104705,109394,126104,122201,130284,133986,127927,187387,179450,128076,    25,
106009,113384,123529,126508,129446,119850,118926,123956,153701,129461,    13,
    34,    46,    60,    52,    40,    41,    54,    47,    41,    52,      ,

开始(向左/上)合并不足50✖50的块
合并后分块的点数分布:
274072,275419,310671,322129,208839,243803,109935,117647,139402,155224,      ,
279970,293654,337866,331624,247057,268725,111126,151966,262682,132328,      ,
302261,299545,321783,335593,331880,278479,207948,274800,278656,313835,      ,
127243,260629,314267,279907,212981,210118,217532,249140,237774,313857,      ,
100472,130637,119938,115962,133213,135319,124628,122558,278171,231239,      ,
 90475, 91168,100665,109326,126479,104285,133530,109602,260622,142689,      ,
 90122, 95909,100220,117508,116269,112526, 97284,130429,193745,111489,      ,
104122,103918,122017,127234,146438,112283,117703,175302,150836,131018,      ,
104705,109394,126104,122201,130284,133986,127927,187387,179450,128101,      ,
106043,113430,123589,126560,129486,119891,118980,124003,153742,129526,      ,
      ,      ,      ,      ,      ,      ,      ,      ,      ,      ,      ,

开始合并点数小于10000的分块:
合并后分块的点数分布:
274072,275419,310671,322129,208839,243803,109935,117647,139402,155224,      ,
279970,293654,337866,331624,247057,268725,111126,151966,262682,132328,      ,
302261,299545,321783,335593,331880,278479,207948,274800,278656,313835,      ,
127243,260629,314267,279907,212981,210118,217532,249140,237774,313857,      ,
100472,130637,119938,115962,133213,135319,124628,122558,278171,231239,      ,
 90475, 91168,100665,109326,126479,104285,133530,109602,260622,142689,      ,
 90122, 95909,100220,117508,116269,112526, 97284,130429,193745,111489,      ,
104122,103918,122017,127234,146438,112283,117703,175302,150836,131018,      ,
104705,109394,126104,122201,130284,133986,127927,187387,179450,128101,      ,
106043,113430,123589,126560,129486,119891,118980,124003,153742,129526,      ,
      ,      ,      ,      ,      ,      ,      ,      ,      ,      ,      ,
================================================================================

文件名：5110_54495.ply
总点数：11930713
高：500.04 宽：500.03
分割高：50.00 分割宽：50.00
纵向重叠：0% 横向重叠：0%
分割为 11✖11 块(包含空白)

初步分块的点数分布
111782,109028,110448,101508,111364,117686, 94013,103794,141068,118810,    50,
111063,111626,117715,114550,105661,107590,100720,112787,123363,109441,    36,
110789,126295,107243,108794,102002,117527, 97108,103846,105183,118982,    88,
103604,128379,101225,102501, 94598, 84871, 89619,101630, 99106, 98636,    42,
119399,125200,121439,104735, 93826, 96540, 84070,130050,107251,131456,    82,
132715,139912,114831,119334, 99781, 97424, 86797,146367,135540,146053,    37,
114961, 99905,125353,133379,117820, 98941,118325,149508,125309,160304,    44,
100681,109308,136891,122843,166234,128797,142495,120562,154968,139994,    63,
104897,131252,109777,120766,188426,100290,131765,123755,133189,210231,   111,
143026,116253,104582,119955,126171,106070,128836,127804,117312,253482,    70,
    69,    54,    55,    47,    85,    65,   117,    65,    64,    73,      ,

开始(向左/上)合并不足50✖50的块
合并后分块的点数分布:
111782,109028,110448,101508,111364,117686, 94013,103794,141068,118860,      ,
111063,111626,117715,114550,105661,107590,100720,112787,123363,109477,      ,
110789,126295,107243,108794,102002,117527, 97108,103846,105183,119070,      ,
103604,128379,101225,102501, 94598, 84871, 89619,101630, 99106, 98678,      ,
119399,125200,121439,104735, 93826, 96540, 84070,130050,107251,131538,      ,
132715,139912,114831,119334, 99781, 97424, 86797,146367,135540,146090,      ,
114961, 99905,125353,133379,117820, 98941,118325,149508,125309,160348,      ,
100681,109308,136891,122843,166234,128797,142495,120562,154968,140057,      ,
104897,131252,109777,120766,188426,100290,131765,123755,133189,210342,      ,
143095,116307,104637,120002,126256,106135,128953,127869,117376,253625,      ,
      ,      ,      ,      ,      ,      ,      ,      ,      ,      ,      ,

开始合并点数小于10000的分块:
合并后分块的点数分布:
111782,109028,110448,101508,111364,117686, 94013,103794,141068,118860,      ,
111063,111626,117715,114550,105661,107590,100720,112787,123363,109477,      ,
110789,126295,107243,108794,102002,117527, 97108,103846,105183,119070,      ,
103604,128379,101225,102501, 94598, 84871, 89619,101630, 99106, 98678,      ,
119399,125200,121439,104735, 93826, 96540, 84070,130050,107251,131538,      ,
132715,139912,114831,119334, 99781, 97424, 86797,146367,135540,146090,      ,
114961, 99905,125353,133379,117820, 98941,118325,149508,125309,160348,      ,
100681,109308,136891,122843,166234,128797,142495,120562,154968,140057,      ,
104897,131252,109777,120766,188426,100290,131765,123755,133189,210342,      ,
143095,116307,104637,120002,126256,106135,128953,127869,117376,253625,      ,
      ,      ,      ,      ,      ,      ,      ,      ,      ,      ,      ,
================================================================================

文件名：5145_54460.ply
总点数：12342171
高：500.03 宽：500.03
分割高：50.00 分割宽：50.00
纵向重叠：0% 横向重叠：0%
分割为 11✖11 块(包含空白)

初步分块的点数分布
105463,103293,111663, 92255,104025,147074,112201,177522,202047,128743,    40,
110384,104102,102516,103348,141011,132015,109291,109258,111115,138376,    54,
105251,105535,109426,133836,107716,121448,195479,128719,128493,125986,    41,
138341,128856,124351,159688,130081,165860,234634,173259,120471,110325,    46,
101420,122531,114174, 99325, 95385,107094,104580,115279,135551,121101,    33,
140805,112506,106894, 94755, 94951, 95383,121337,116601,116552,107018,    31,
106148,104183,104158, 96514, 80967, 98815,104393,118619,114142,120769,    40,
116192,116973,118652,105124,114910,118494,138023,139716,130866,131300,    66,
117134,120616,119030,123105,102006,108440,111122,143425,151532,158468,    97,
117355,111499,111854,119739,150419,154227,158986,178474,139573,153190,    49,
    43,    37,    39,    31,   100,    73,    86,    70,    51,    40,      ,

开始(向左/上)合并不足50✖50的块
合并后分块的点数分布:
105463,103293,111663, 92255,104025,147074,112201,177522,202047,128783,      ,
110384,104102,102516,103348,141011,132015,109291,109258,111115,138430,      ,
105251,105535,109426,133836,107716,121448,195479,128719,128493,126027,      ,
138341,128856,124351,159688,130081,165860,234634,173259,120471,110371,      ,
101420,122531,114174, 99325, 95385,107094,104580,115279,135551,121134,      ,
140805,112506,106894, 94755, 94951, 95383,121337,116601,116552,107049,      ,
106148,104183,104158, 96514, 80967, 98815,104393,118619,114142,120809,      ,
116192,116973,118652,105124,114910,118494,138023,139716,130866,131366,      ,
117134,120616,119030,123105,102006,108440,111122,143425,151532,158565,      ,
117398,111536,111893,119770,150519,154300,159072,178544,139624,153279,      ,
      ,      ,      ,      ,      ,      ,      ,      ,      ,      ,      ,

开始合并点数小于10000的分块:
合并后分块的点数分布:
105463,103293,111663, 92255,104025,147074,112201,177522,202047,128783,      ,
110384,104102,102516,103348,141011,132015,109291,109258,111115,138430,      ,
105251,105535,109426,133836,107716,121448,195479,128719,128493,126027,      ,
138341,128856,124351,159688,130081,165860,234634,173259,120471,110371,      ,
101420,122531,114174, 99325, 95385,107094,104580,115279,135551,121134,      ,
140805,112506,106894, 94755, 94951, 95383,121337,116601,116552,107049,      ,
106148,104183,104158, 96514, 80967, 98815,104393,118619,114142,120809,      ,
116192,116973,118652,105124,114910,118494,138023,139716,130866,131366,      ,
117134,120616,119030,123105,102006,108440,111122,143425,151532,158565,      ,
117398,111536,111893,119770,150519,154300,159072,178544,139624,153279,      ,
      ,      ,      ,      ,      ,      ,      ,      ,      ,      ,      ,
================================================================================

文件名：5185_54390.ply
总点数：11887408
高：500.02 宽：500.04
分割高：50.00 分割宽：50.00
纵向重叠：0% 横向重叠：0%
分割为 11✖11 块(包含空白)

初步分块的点数分布
102003, 95376, 94899, 93631, 96459, 95813, 99974, 97993,100460,102042,    53,
 99318,106340,105329,107255,104390, 99840,104191, 93793, 94780, 98120,    50,
148315,102374,100562, 95155, 95682,101308,104556,129327, 95884,100458,    56,
151187,118379,113073,119727,108340,104337,106041, 97810, 97837,102763,    55,
127497,164228,154064,153994,186669,102807,104154,118581,103686,104903,    52,
122819,120343,141963,138613,177214,162603,107159,116707,108404,116768,    57,
129076,161809,130697,106275,132705,120252,128882,132367,123911,143288,    71,
136429,141947,120199,101646,132880,122126,115927,133910,108371,140084,    93,
132820,122862,137739,113691,124964,133952,152519,132253,132226,118481,    64,
122395,106359,117068,114856,131951,124425,115209,131251,128901,114968,    74,
    25,    32,    22,    29,    38,    22,    27,    13,    22,    20,      ,

开始(向左/上)合并不足50✖50的块
合并后分块的点数分布:
102003, 95376, 94899, 93631, 96459, 95813, 99974, 97993,100460,102095,      ,
 99318,106340,105329,107255,104390, 99840,104191, 93793, 94780, 98170,      ,
148315,102374,100562, 95155, 95682,101308,104556,129327, 95884,100514,      ,
151187,118379,113073,119727,108340,104337,106041, 97810, 97837,102818,      ,
127497,164228,154064,153994,186669,102807,104154,118581,103686,104955,      ,
122819,120343,141963,138613,177214,162603,107159,116707,108404,116825,      ,
129076,161809,130697,106275,132705,120252,128882,132367,123911,143359,      ,
136429,141947,120199,101646,132880,122126,115927,133910,108371,140177,      ,
132820,122862,137739,113691,124964,133952,152519,132253,132226,118545,      ,
122420,106391,117090,114885,131989,124447,115236,131264,128923,115062,      ,
      ,      ,      ,      ,      ,      ,      ,      ,      ,      ,      ,

开始合并点数小于10000的分块:
合并后分块的点数分布:
102003, 95376, 94899, 93631, 96459, 95813, 99974, 97993,100460,102095,      ,
 99318,106340,105329,107255,104390, 99840,104191, 93793, 94780, 98170,      ,
148315,102374,100562, 95155, 95682,101308,104556,129327, 95884,100514,      ,
151187,118379,113073,119727,108340,104337,106041, 97810, 97837,102818,      ,
127497,164228,154064,153994,186669,102807,104154,118581,103686,104955,      ,
122819,120343,141963,138613,177214,162603,107159,116707,108404,116825,      ,
129076,161809,130697,106275,132705,120252,128882,132367,123911,143359,      ,
136429,141947,120199,101646,132880,122126,115927,133910,108371,140177,      ,
132820,122862,137739,113691,124964,133952,152519,132253,132226,118545,      ,
122420,106391,117090,114885,131989,124447,115236,131264,128923,115062,      ,
      ,      ,      ,      ,      ,      ,      ,      ,      ,      ,      ,
================================================================================

文件名：5165_54390.ply
总点数：12072791
高：500.03 宽：500.05
分割高：50.00 分割宽：50.00
纵向重叠：0% 横向重叠：0%
分割为 11✖11 块(包含空白)

初步分块的点数分布
104652, 97516, 96497, 78767,119782,104477, 56272, 98718,100263,103358,    65,
104030, 93253, 93404, 94140, 96212, 98417, 74033,110372,114418,101149,    68,
 97561,151251,126896, 95213,104109,103929, 63509,120710,155092, 98841,    68,
119985,173910,146870, 94212, 96919,103791, 59030,143114,113588, 94130,    75,
 97917, 94288, 96942, 96242,105657,113226, 83933, 53436, 97444, 94040,    54,
 96105, 93519, 98060,111532,105184, 83766, 96049,145278, 85190, 98207,    79,
 80840, 95798,108939,107309,144660,136194, 93827,166942,127365, 97094,    71,
102913,137147,107817, 84723, 83450,131891,173507, 80410, 89297,167120,    77,
100262, 93038,168225, 84670,231364,283081,266984,186171,240946,257669,   197,
 95495, 87763,183126,149594,256845,248226,217065,184753,159788,115424,    60,
    42,    33,    53,    40,    97,   122,    45,    34,    45,    41,      ,

开始(向左/上)合并不足50✖50的块
合并后分块的点数分布:
104652, 97516, 96497, 78767,119782,104477, 56272, 98718,100263,103423,      ,
104030, 93253, 93404, 94140, 96212, 98417, 74033,110372,114418,101217,      ,
 97561,151251,126896, 95213,104109,103929, 63509,120710,155092, 98909,      ,
119985,173910,146870, 94212, 96919,103791, 59030,143114,113588, 94205,      ,
 97917, 94288, 96942, 96242,105657,113226, 83933, 53436, 97444, 94094,      ,
 96105, 93519, 98060,111532,105184, 83766, 96049,145278, 85190, 98286,      ,
 80840, 95798,108939,107309,144660,136194, 93827,166942,127365, 97165,      ,
102913,137147,107817, 84723, 83450,131891,173507, 80410, 89297,167197,      ,
100262, 93038,168225, 84670,231364,283081,266984,186171,240946,257866,      ,
 95537, 87796,183179,149634,256942,248348,217110,184787,159833,115525,      ,
      ,      ,      ,      ,      ,      ,      ,      ,      ,      ,      ,

开始合并点数小于10000的分块:
合并后分块的点数分布:
104652, 97516, 96497, 78767,119782,104477, 56272, 98718,100263,103423,      ,
104030, 93253, 93404, 94140, 96212, 98417, 74033,110372,114418,101217,      ,
 97561,151251,126896, 95213,104109,103929, 63509,120710,155092, 98909,      ,
119985,173910,146870, 94212, 96919,103791, 59030,143114,113588, 94205,      ,
 97917, 94288, 96942, 96242,105657,113226, 83933, 53436, 97444, 94094,      ,
 96105, 93519, 98060,111532,105184, 83766, 96049,145278, 85190, 98286,      ,
 80840, 95798,108939,107309,144660,136194, 93827,166942,127365, 97165,      ,
102913,137147,107817, 84723, 83450,131891,173507, 80410, 89297,167197,      ,
100262, 93038,168225, 84670,231364,283081,266984,186171,240946,257866,      ,
 95537, 87796,183179,149634,256942,248348,217110,184787,159833,115525,      ,
      ,      ,      ,      ,      ,      ,      ,      ,      ,      ,      ,
================================================================================

文件名：5190_54400.ply
总点数：12028976
高：500.03 宽：500.03
分割高：50.00 分割宽：50.00
纵向重叠：0% 横向重叠：0%
分割为 11✖11 块(包含空白)

初步分块的点数分布
117596,100268,111760,106344,106435,112838,124332,100237, 98017, 98048,    57,
146192,115929,142541,103733,141702,125506,124974,100981,105254,101130,    42,
105129,116063,141072,113012,120643,116763,137196,105844,102298,101342,    38,
122321,127789,131489,120317,123351,159628,140018,129887,101978,101213,    45,
154218,117363,121100,131081,113259,114442,105761, 95058, 95990, 93288,    43,
155249,155950,147042,124100,139867,106310,111071,100206,102807,101374,    28,
146575,171655,144088,109907,107457,110139,111918,100485,106297,104774,    39,
164539,155006,159104,108361,115123,112168,104096, 99552,101925,141694,    90,
134869,138774,143150,136919,114185,106708,104711,101326,103164,177344,    84,
134852,128242,136901,109505,117121,116820,105870,143804,138124, 78735,    21,
    31,    41,    41,    45,    43,    46,    37,    46,    63,    60,      ,

开始(向左/上)合并不足50✖50的块
合并后分块的点数分布:
117596,100268,111760,106344,106435,112838,124332,100237, 98017, 98105,      ,
146192,115929,142541,103733,141702,125506,124974,100981,105254,101172,      ,
105129,116063,141072,113012,120643,116763,137196,105844,102298,101380,      ,
122321,127789,131489,120317,123351,159628,140018,129887,101978,101258,      ,
154218,117363,121100,131081,113259,114442,105761, 95058, 95990, 93331,      ,
155249,155950,147042,124100,139867,106310,111071,100206,102807,101402,      ,
146575,171655,144088,109907,107457,110139,111918,100485,106297,104813,      ,
164539,155006,159104,108361,115123,112168,104096, 99552,101925,141784,      ,
134869,138774,143150,136919,114185,106708,104711,101326,103164,177428,      ,
134883,128283,136942,109550,117164,116866,105907,143850,138187, 78816,      ,
      ,      ,      ,      ,      ,      ,      ,      ,      ,      ,      ,

开始合并点数小于10000的分块:
合并后分块的点数分布:
117596,100268,111760,106344,106435,112838,124332,100237, 98017, 98105,      ,
146192,115929,142541,103733,141702,125506,124974,100981,105254,101172,      ,
105129,116063,141072,113012,120643,116763,137196,105844,102298,101380,      ,
122321,127789,131489,120317,123351,159628,140018,129887,101978,101258,      ,
154218,117363,121100,131081,113259,114442,105761, 95058, 95990, 93331,      ,
155249,155950,147042,124100,139867,106310,111071,100206,102807,101402,      ,
146575,171655,144088,109907,107457,110139,111918,100485,106297,104813,      ,
164539,155006,159104,108361,115123,112168,104096, 99552,101925,141784,      ,
134869,138774,143150,136919,114185,106708,104711,101326,103164,177428,      ,
134883,128283,136942,109550,117164,116866,105907,143850,138187, 78816,      ,
      ,      ,      ,      ,      ,      ,      ,      ,      ,      ,      ,
================================================================================


Process finished with exit code 0
