/home/huiwei/anaconda3/envs/growsp/bin/python /home/huiwei/Desktop/Code/MLS2ALS/Tools/datasetProcessing.py 
文件名：L002
总点数：10283800
高：395.17 宽：258.23
分割高：50.00 分割宽：50.00
纵向重叠：0% 横向重叠：0%
分割为 8✖6 块(包含空白)

初步分块的点数分布
        ,    1186,   11755,    2026,      81,        ,
        ,   10050,  347088, 2076952,   23143,     249,
      66,    8230,  789400, 2045319,    9842,       1,
     272,   27408, 1140353,  303611,    2929,        ,
    5650,   63227, 1131613,   30328,     753,        ,
    6898,  394967,  783042,   14932,      82,        ,
    1032,  869832,  170255,   10337,      18,        ,
        ,     214,    1152,      88,        ,        ,

开始(向左/上)合并不足50✖50的块
合并后分块的点数分布:
        ,    1186,   11755,    2026,      81,        ,
        ,   10050,  347088, 2076952,   23392,        ,
      66,    8230,  789400, 2045319,    9843,        ,
     272,   27408, 1140353,  303611,    2929,        ,
    5650,   63227, 1131613,   30328,     753,        ,
    6898,  394967,  783042,   14932,      82,        ,
    1032,  870046,  171407,   10425,      18,        ,
        ,        ,        ,        ,        ,        ,

开始合并点数小于10000的分块:
合并后分块的点数分布:
        ,        ,   11755,        ,        ,        ,
        ,   11236,  347088, 2076952,   25499,        ,
        ,        ,  789400, 2045319,        ,        ,
        ,   27408, 1140353,  303611,   12772,        ,
   14218,   63227, 1131613,   30328,        ,        ,
        ,  402897,  783042,   14932,        ,        ,
        ,  870046,  171407,   11278,        ,        ,
        ,        ,        ,        ,        ,        ,
================================================================================


文件名：L001
总点数：21567172
高：329.58 宽：269.68
分割高：50.00 分割宽：50.00
纵向重叠：0% 横向重叠：0%
分割为 7✖6 块(包含空白)

初步分块的点数分布
        ,    2369,   12196,   15041,    2501,        ,
        ,   33406,   91800,  974256,   22641,     250,
     134,   83508,  660609,  749173,    4418,      75,
      48,   27501, 5189807,  271864,    1416,        ,
     935,   15868,11998979,   18616,     885,        ,
    3701,  419804,  953906,    4935,        ,        ,
        ,        ,    4391,    2735,        ,        ,

开始(向左/上)合并不足50✖50的块
合并后分块的点数分布:
        ,    2369,   12196,   15041,    2501,        ,
        ,   33406,   91800,  974256,   22891,        ,
     134,   83508,  660609,  749173,    4493,        ,
      48,   27501, 5189807,  271864,    1416,        ,
     935,   15868,11998979,   18616,     885,        ,
    3701,  419804,  958297,    7670,        ,        ,
        ,        ,        ,        ,        ,        ,

开始合并点数小于10000的分块:
合并后分块的点数分布:
        ,        ,   14565,   17542,        ,        ,
        ,   33406,   91800,  974256,   22891,        ,
        ,   83508,  660609,  749173,        ,        ,
        ,   27501, 5189807,  271864,        ,        ,
        ,   20686,11998979,   18616,        ,        ,
        ,  419804,  958297,   14464,        ,        ,
        ,        ,        ,        ,        ,        ,
================================================================================


文件名：L003
总点数：39721590
高：331.00 宽：273.72
分割高：50.00 分割宽：50.00
纵向重叠：0% 横向重叠：0%
分割为 7✖6 块(包含空白)

初步分块的点数分布
        ,      32,    7326,    7822,     546,        ,
        ,   11056,   51458,  910227,   35584,     738,
        ,    6087,  508650, 1225815,    3665,      20,
     625,  123453,24004599, 5267400,     231,        ,
    1302,   18306, 4321737,  451977,   35699,        ,
   11735,  399244, 1871855,    5677,    1657,        ,
       3,  134596,  294615,    8400,        ,        ,

开始(向左/上)合并不足50✖50的块
合并后分块的点数分布:
        ,      32,    7326,    7822,     546,        ,
        ,   11056,   51458,  910227,   36322,        ,
        ,    6087,  508650, 1225815,    3685,        ,
     625,  123453,24004599, 5267400,     231,        ,
    1302,   18306, 4321737,  451977,   35699,        ,
   11738,  533840, 2166470,   14077,    1657,        ,
        ,        ,        ,        ,        ,        ,

开始合并点数小于10000的分块:
合并后分块的点数分布:
        ,        ,        ,   15726,        ,        ,
        ,   11056,   51458,  910227,   36322,        ,
        ,        ,  508650, 1225815,        ,        ,
        ,  123453,24004599, 5267400,        ,        ,
        ,   18306, 4321737,  451977,   39615,        ,
   19752,  533840, 2166470,   15734,        ,        ,
        ,        ,        ,        ,        ,        ,
================================================================================



Process finished with exit code 0
